2
4
0 1 2 3
1 0 4 5
2 4 0 6
3 5 6 0
6
0 10 11 13 24 12
10 0 16 11 8 19
11 16 0 12 12 14
13 11 12 0 10 18
24 8 12 10 0 13
12 19 14 18 13 0